HDR Global Ocean Mass
HDR
HDR Data from the GRACE and GRACE-FO JPL RL06.3Mv4 Mascon Solution
HDR
HDR This file contains values that are anomalies relative to April 2002 computed at the Jet Propulsion Laboratory under the
HDR auspices of the NASA MEaSUREs program. The global ocean mass anomalies are generated using GRACE and GRACE-FO data from the JPL RL06.3Mv4
HDR Mascon Solution (https://podaac.jpl.nasa.gov/dataset/TELLUS_GRACE_MASCON_CRI_GRID_RL06.3_V4).
HDR
HDR Ocean Mass Trend (04/2002 - 07/2026): +1.97 +/- 0.30 mm/yr of sea level height
HDR
HDR If you use these data please cite:
HDR Wiese, D. N., D.-N. Yuan, C. Boening, F. W. Landerer, and M. M. Watkins (2022) JPL GRACE and GRACE-FO Mascon Ocean, Ice, and Hydrology Equivalent
HDR Water Height RL06.3M CRI Filtered Version 4.0, Ver. 4.0, PO.DAAC, CA, USA. Dataset accessed [YYYY-MM-DD] at http://dx.doi.org/10.5067/TEMSC-3JC634.
HDR
HDR For information on how the data were generated please refer to:
HDR Watkins, M. M., D. N. Wiese, D. -N. Yuan, C. Boening, and F. W. Landerer (2015), Improved methods for observing Earth's time variable
HDR mass distribution with GRACE using spherical cap mascons, J. Geophys. Res. Solid Earth, 120, 2648_2671, doi: 10.1002/2014JB011547.
HDR
HDR column description
HDR 1 TIME (year.decimal)
HDR 2 Ocean mass (mm of sea level height)
HDR 3 Ocean mass 1-sigma uncertainty (mm of sea level height)
HDR 4 Ocean mass deseasoned (mm of sea level height)
HDR
HDR NOTES (1): Ocean mass is computed by summing up mass anomalies over the ocean in the JPL RL06.3Mv4 solution
HDR            and removing the mass of the atmosphere.
HDR NOTES (2): The deseasoned ocean mass timeseries is obtained by fitting an annual, semiannual, and bias to the full timeseries and removing it.
HDR NOTES (3): Correction for Glacial Isostatic Adjustment (GIA) is from ICE6G-D, Peltier. et al. (2018), doi:10.1093/gji/ggs030
HDR NOTES (4): Trend value is derived by performing a weighted least squares fit of an annual, semiannual, bias, and trend to the timeseries
HDR NOTES (5): Monthly uncertainties are computed using measurement errors provided in the JPL RL06.3Mv4 Solution and considering
HDR            leakage errors in accordance with Wiese et al. (2016), doi:10.1002/2016WR019344
HDR NOTES (6): The trend uncertainty provides a 1-sigma confidence interval. The calculation considers only the propagation of the monthly uncertainties
HDR            into the trend, assumes uncorrelated observations, and includes GIA uncertainty according to Chambers et al. (2016), doi:10.1007/s10712-016-9381-3
HDR
HDR Header_End---------------------------------------
2002.29    0.00    1.20    0.00
2002.35   -1.56    0.68   -2.59
2002.62   12.48    0.56   -2.30
2002.71   15.89    0.68   -1.07
2002.79   17.58    0.47    0.36
2002.87   16.04    0.46    0.17
2002.96   14.82    0.48    1.65
2003.04   11.09    0.57    1.84
2003.12    8.03    0.45    3.02
2003.20    4.90    0.41    3.43
2003.29    3.47    0.40    3.47
2003.36    4.50    0.43    3.41
2003.54   11.27    0.35    0.69
2003.62   15.56    0.36    0.81
2003.71   16.82    0.36   -0.14
2003.79   18.89    0.36    1.65
2003.87   17.87    0.36    1.98
2003.96   14.17    0.36    0.97
2004.02   11.49    0.40    0.98
2004.13    5.98    0.37    1.21
2004.21    4.28    0.35    2.87
2004.29    1.01    0.35    1.01
2004.37    2.24    0.37    0.62
2004.46    6.83    0.36    1.10
2004.54   10.68    0.34   -0.02
2004.62   15.40    0.36    0.57
2004.71   16.96    0.37   -0.03
2004.79   19.71    0.35    2.50
2004.87   16.35    0.37    0.51
2004.96   13.51    0.43    0.39
2005.04   10.57    0.41    1.39
2005.12    6.53    0.37    1.59
2005.20    4.27    0.37    2.84
2005.29    4.21    0.36    4.22
2005.37    4.08    0.37    2.49
2005.46   10.49    0.37    4.79
2005.54   14.80    0.36    4.14
2005.62   18.55    0.36    3.74
2005.71   20.31    0.36    3.33
2005.79   20.93    0.35    3.71
2005.87   20.87    0.35    5.02
2005.96   17.19    0.41    4.05
2006.04   13.43    0.37    4.22
2006.12    9.80    0.37    4.82
2006.20    5.06    0.36    3.61
2006.29    2.80    0.36    2.80
2006.37    5.62    0.36    4.05
2006.45    9.76    0.38    4.11
2006.54   17.02    0.37    6.40
2006.62   19.95    0.35    5.18
2006.71   22.95    0.37    5.98
2006.79   24.43    0.36    7.21
2006.87   20.67    0.36    4.80
2006.96   16.34    0.37    3.17
2007.04   11.96    0.37    2.71
2007.12    9.43    0.37    4.42
2007.20    6.69    0.36    5.22
2007.29    5.74    0.36    5.75
2007.37    6.70    0.36    5.16
2007.45   11.21    0.36    5.59
2007.54   16.60    0.36    6.01
2007.62   19.42    0.38    4.67
2007.71   22.61    0.38    5.65
2007.79   25.08    0.38    7.85
2007.87   24.01    0.39    8.12
2007.96   20.84    0.37    7.64
2008.04   17.44    0.37    8.15
2008.12   12.27    0.39    7.29
2008.21    7.39    0.37    5.99
2008.29    7.14    0.39    7.15
2008.37    9.71    0.38    8.08
2008.46   14.14    0.37    8.41
2008.54   18.87    0.37    8.17
2008.62   21.54    0.37    6.71
2008.71   24.80    0.37    7.81
2008.79   26.66    0.36    9.45
2008.87   25.25    0.38    9.41
2008.96   21.01    0.38    7.89
2009.04   16.91    0.38    7.74
2009.12   14.14    0.38    9.20
2009.20   10.21    0.38    8.79
2009.29    8.23    0.36    8.23
2009.37    9.77    0.36    8.18
2009.46   15.99    0.36   10.30
2009.54   20.07    0.39    9.41
2009.62   24.93    0.38   10.13
2009.71   27.74    0.37   10.76
2009.79   30.36    0.38   13.15
2009.87   28.31    0.38   12.45
2009.96   24.77    0.38   11.63
2010.04   19.73    0.38   10.52
2010.12   17.32    0.40   12.35
2010.20   15.75    0.42   14.30
2010.29   13.95    0.38   13.96
2010.37   14.85    0.38   13.28
2010.45   20.11    0.43   14.46
2010.54   24.10    0.37   13.47
2010.62   27.42    0.35   12.64
2010.71   29.93    0.36   12.96
2010.79   30.82    0.37   13.60
2010.87   29.12    0.38   13.25
2010.95   24.78    0.38   11.39
2011.13   16.61    0.46   12.09
2011.20   12.29    0.46   10.82
2011.29    9.66    0.42    9.66
2011.37   11.81    0.38   10.27
2011.54   23.63    0.40   12.73
2011.62   27.29    0.38   12.54
2011.71   30.63    0.37   13.67
2011.79   31.69    0.37   14.47
2011.83   31.09    0.37   14.39
2012.00   25.10    0.36   13.74
2012.04   23.45    0.35   14.16
2012.12   20.79    0.37   15.81
2012.21   16.79    0.35   15.39
2012.26   16.84    0.39   16.66
2012.46   25.02    0.37   19.29
2012.54   29.68    0.36   18.98
2012.62   34.32    0.35   19.50
2012.70   35.48    0.38   18.61
2012.88   36.06    0.38   20.40
2012.96   34.22    0.36   21.10
2013.04   29.85    0.36   20.67
2013.12   26.80    0.37   21.72
2013.30   20.56    0.39   20.52
2013.37   21.42    0.35   19.83
2013.46   25.62    0.36   19.93
2013.54   30.52    0.36   19.85
2013.79   36.92    0.36   19.71
2013.87   35.10    0.36   19.25
2013.96   32.52    0.37   19.38
2014.02   28.66    0.42   18.48
2014.20   20.70    0.34   19.25
2014.29   20.19    0.35   20.19
2014.37   20.11    0.34   18.53
2014.45   25.36    0.36   20.18
2014.62   36.25    0.35   21.48
2014.71   38.97    0.34   22.00
2014.79   39.53    0.34   22.31
2014.88   38.17    0.34   22.36
2015.06   31.77    0.39   23.37
2015.12   30.38    0.63   25.37
2015.20   27.88    0.33   26.41
2015.29   25.66    0.33   25.67
2015.32   25.65    0.34   25.45
2015.53   37.45    0.37   27.03
2015.62   42.78    0.34   28.03
2015.70   45.83    0.37   28.93
2015.98   42.55    0.37   30.15
2016.04   39.54    0.36   30.26
2016.12   35.52    0.34   30.33
2016.21   32.02    0.35   30.62
2016.38   32.24    0.38   30.25
2016.46   35.73    0.36   30.00
2016.54   39.15    0.37   28.61
2016.64   42.66    0.41   27.33
2016.91   44.04    0.53   29.07
2016.98   41.23    0.54   29.03
2017.06   35.28    0.54   26.74
2017.25   30.83    0.54   30.46
2017.31   30.20    0.53   30.07
2017.36   29.87    0.52   28.66
2017.44   33.20    0.53   28.29
2018.45   33.93    0.40   28.28
2018.52   39.07    0.40   29.48
2018.83   47.03    0.39   30.30
2018.87   46.25    0.36   30.38
2018.96   42.07    0.36   28.90
2019.04   39.36    0.36   30.12
2019.12   36.72    0.37   31.57
2019.20   34.68    0.36   33.21
2019.29   33.54    0.36   33.55
2019.37   33.51    0.36   31.96
2019.45   39.47    0.36   33.85
2019.54   45.90    0.36   35.32
2019.62   48.93    0.36   34.19
2019.71   51.80    0.36   34.84
2019.79   51.83    0.36   34.60
2019.87   49.53    0.35   33.64
2019.96   45.25    0.36   32.05
2020.04   41.88    0.36   32.60
2020.12   36.87    0.36   31.89
2020.21   34.90    0.36   33.50
2020.29   33.06    0.36   33.07
2020.37   34.88    0.36   33.26
2020.46   41.32    0.36   35.58
2020.54   45.38    0.36   34.68
2020.62   48.12    0.36   33.29
2020.71   48.09    0.36   31.10
2020.79   50.35    0.36   33.14
2020.87   50.48    0.36   34.65
2020.96   47.81    0.36   34.69
2021.04   42.62    0.36   33.44
2021.12   39.92    0.36   34.98
2021.20   35.60    0.36   34.17
2021.29   34.39    0.36   34.39
2021.37   35.70    0.35   34.11
2021.46   42.37    0.36   36.67
2021.54   46.84    0.36   36.18
2021.62   51.23    0.35   36.43
2021.71   52.01    0.36   35.03
2021.79   54.56    0.36   37.34
2021.87   51.59    0.36   35.73
2021.96   49.18    0.36   36.04
2022.04   43.96    0.36   34.74
2022.12   40.39    0.36   35.41
2022.20   37.41    0.36   35.97
2022.29   34.51    0.36   34.51
2022.37   36.62    0.36   35.05
2022.45   42.50    0.36   36.84
2022.54   47.77    0.36   37.14
2022.62   50.26    0.36   35.49
2022.71   52.12    0.36   35.15
2022.79   54.74    0.36   37.52
2022.87   54.71    0.36   38.84
2022.96   50.55    0.37   37.38
2023.04   44.26    0.36   35.01
2023.12   40.42    0.37   35.40
2023.20   37.26    0.36   35.79
2023.29   35.19    0.36   35.19
2023.37   37.83    0.36   36.29
2023.45   46.10    0.36   40.49
2023.54   50.73    0.36   40.15
2023.62   53.88    0.36   39.13
2023.71   57.88    0.36   40.92
2023.79   60.14    0.36   42.91
2023.87   57.58    0.36   41.69
2023.96   53.80    0.36   40.60
2024.04   50.34    0.36   41.06
2024.12   46.00    0.36   41.03
2024.21   42.74    0.36   41.34
2024.29   42.19    0.36   42.20
2024.37   42.66    0.36   41.04
2024.46   45.93    0.36   40.20
2024.54   49.59    0.36   38.89
2024.62   53.01    0.36   38.18
2024.71   56.62    0.36   39.63
2024.79   57.05    0.36   39.84
2024.87   54.85    0.36   39.01
2024.96   52.10    0.36   38.99
2025.04   50.11    0.36   40.93
2025.12   47.47    0.37   42.53
2025.20   45.30    0.36   43.88
2025.29   41.00    0.36   41.01
2025.37   40.52    0.36   38.93
2025.46   45.82    0.36   40.04
2025.54   49.63    0.36   38.97
2025.62   54.05    0.36   39.25
2025.71   57.23    0.38   40.25
2025.79   58.60    0.39   41.38
2025.87   56.84    0.40   40.99
2025.96   55.92    0.40   42.78
2026.04   50.70    0.41   41.48
2026.12   47.80    0.43   42.82
2026.20   41.41    0.43   39.96
2026.29   37.95    0.50   37.96
2026.37   40.20    0.58   38.63
2026.45   46.55    0.68   40.90
2026.54   52.33    0.79   41.71
